[[479. 486. 501. 520. 532. 542. 548. 553. 559. 565. 563. 562. 564. 570.
  580. 590. 595. 606. 621. 633.]
 [467. 480. 487. 499. 514. 525. 533. 540. 544. 547. 547. 547. 553. 559.
  566. 575. 586. 599. 613. 621.]
 [453. 467. 476. 487. 499. 508. 513. 518. 521. 524. 527. 533. 539. 547.
  556. 564. 575. 589. 605. 617.]
 [443. 455. 467. 475. 484. 492. 497. 500. 503. 506. 511. 517. 524. 532.
  541. 555. 570. 585. 600. 613.]
 [431. 443. 453. 459. 468. 473. 477. 479. 482. 485. 493. 504. 513. 523.
  534. 545. 558. 569. 583. 596.]
 [417. 427. 435. 443. 447. 451. 453. 455. 460. 466. 475. 485. 500. 515.
  525. 536. 546. 556. 566. 578.]
 [401. 410. 418. 427. 434. 437. 439. 441. 447. 455. 462. 473. 484. 503.
  521. 526. 532. 542. 551. 561.]
 [378. 389. 402. 411. 418. 423. 428. 431. 437. 449. 461. 470. 478. 491.
  504. 513. 520. 526. 533. 545.]
 [365. 373. 382. 391. 397. 402. 409. 419. 429. 442. 455. 463. 471. 479.
  490. 502. 508. 514. 521. 533.]
 [353. 358. 367. 374. 379. 383. 394. 406. 417. 429. 442. 451. 457. 465.
  473. 482. 489. 495. 506. 519.]
 [338. 342. 349. 356. 362. 373. 384. 395. 404. 415. 429. 438. 443. 449.
  456. 465. 475. 483. 492. 506.]
 [324. 328. 332. 339. 344. 358. 377. 387. 394. 401. 409. 420. 430. 435.
  442. 452. 462. 472. 484. 493.]
 [314. 318. 321. 323. 330. 341. 360. 377. 385. 389. 394. 403. 413. 422.
  430. 439. 450. 462. 477. 492.]
 [302. 305. 308. 314. 322. 336. 351. 363. 371. 379. 384. 387. 395. 405.
  418. 428. 437. 447. 464. 479.]
 [289. 294. 299. 305. 315. 327. 341. 351. 358. 363. 373. 382. 388. 398.
  412. 423. 426. 434. 446. 459.]
 [282. 285. 288. 295. 305. 317. 327. 336. 340. 347. 356. 369. 383. 392.
  401. 410. 417. 423. 436. 449.]
 [273. 277. 279. 285. 294. 305. 315. 323. 329. 333. 342. 354. 367. 378.
  388. 397. 406. 415. 426. 437.]
 [266. 272. 276. 281. 289. 298. 307. 314. 319. 325. 332. 340. 350. 360.
  371. 380. 394. 407. 414. 421.]
 [263. 267. 272. 277. 283. 290. 295. 301. 308. 317. 324. 331. 341. 352.
  362. 370. 378. 387. 398. 409.]
 [259. 264. 267. 273. 278. 282. 287. 292. 297. 306. 315. 322. 329. 340.
  353. 361. 368. 376. 384. 394.]]